9.271747469902038574e-01
3.743593990802764893e-01
5.191804766654968262e-01
5.025291442871093750e-02
2.174843102693557739e-01
4.738331437110900879e-01
9.127738326787948608e-02
-4.904898703098297119e-01
-3.130114376544952393e-01
1.993530392646789551e-01
-2.449820935726165771e-01
-1.625248938798904419e-01
7.015051841735839844e-01
2.848471999168395996e-01
1.765825450420379639e-01
-2.934562563896179199e-01
-2.521788775920867920e-01
-3.850101828575134277e-01
-4.336158037185668945e-01
4.641909003257751465e-01
2.099705040454864502e-01
-3.874114751815795898e-01
-2.555735036730766296e-02
9.766864776611328125e-02
-1.921830028295516968e-01
-2.428049445152282715e-01
-2.123755961656570435e-01
2.665128707885742188e-01
-3.818395435810089111e-01
-4.908124208450317383e-01
-1.700105369091033936e-01
6.021820306777954102e-01
4.859868288040161133e-01
-1.236092075705528259e-01
-2.866213619709014893e-01
-9.123484045267105103e-02
-3.241268098354339600e-01
2.885989546775817871e-01
-3.127792775630950928e-01
3.208313882350921631e-02
-1.618550568819046021e-01
-3.313336074352264404e-01
1.324260532855987549e-01
1.919970959424972534e-01
4.544720053672790527e-01
3.769320845603942871e-01
3.129605576395988464e-02
-2.728338353335857391e-02
-2.322428226470947266e-01
-2.498284280300140381e-01
-3.439591452479362488e-02
3.567455708980560303e-01
4.227661490440368652e-01
1.643082201480865479e-01
6.082942485809326172e-01
5.232183337211608887e-01
3.406324386596679688e-01
-2.369049936532974243e-01
4.458259046077728271e-01
-1.805458217859268188e-01
3.324925005435943604e-01
-5.145630836486816406e-01
4.309306740760803223e-01
-5.120389908552169800e-02
