8.304091542959213257e-02
-1.292740851640701294e-01
5.170219391584396362e-02
6.341803073883056641e-02
1.987824290990829468e-01
-8.554326742887496948e-02
-8.022356778383255005e-02
-1.488257646560668945e-01
3.421966359019279480e-02
-1.948935389518737793e-01
-2.384931035339832306e-02
2.212478034198284149e-02
-8.792349137365818024e-03
-1.276810169219970703e-01
-1.678775846958160400e-01
-2.602455206215381622e-02
-6.181372446008026600e-04
1.000870242714881897e-01
-2.437883242964744568e-02
2.273468077182769775e-01
-1.017806753516197205e-01
-2.890000343322753906e-01
-8.934376388788223267e-02
-1.223863437771797180e-01
6.827962398529052734e-02
2.361937984824180603e-02
-6.203943490982055664e-02
2.592125236988067627e-01
1.288011074066162109e-01
-1.642195433378219604e-01
-1.530802845954895020e-01
-1.894706189632415771e-01
2.996046282351016998e-02
-1.107710599899291992e-02
3.040457367897033691e-01
-2.788999378681182861e-01
8.163705468177795410e-02
6.578449904918670654e-02
-1.398788690567016602e-01
2.667776048183441162e-01
-2.015518099069595337e-01
-7.244296371936798096e-02
-2.107236087322235107e-01
3.456780314445495605e-02
3.408703580498695374e-02
-5.761482939124107361e-02
1.910023093223571777e-01
7.957002520561218262e-02
-2.561117708683013916e-01
-1.704028248786926270e-02
1.300207227468490601e-01
3.837024420499801636e-02
-2.497257431969046593e-03
2.294125854969024658e-01
-3.691172599792480469e-01
-8.493424206972122192e-02
2.863340675830841064e-01
1.005650311708450317e-01
-2.895048558712005615e-01
1.399988830089569092e-01
-2.195124477148056030e-01
-5.811100825667381287e-02
1.283983290195465088e-01
1.602054685354232788e-01
-1.991891860961914062e-01
-3.245229646563529968e-02
-2.116107493638992310e-01
-1.368900835514068604e-01
8.901580236852169037e-03
1.575672626495361328e-01
2.446679472923278809e-01
-1.244360730051994324e-01
2.730508334934711456e-02
5.731645226478576660e-02
-1.711221188306808472e-01
1.928341984748840332e-01
7.891616225242614746e-02
-1.364327073097229004e-01
6.279007066041231155e-03
-2.487852126359939575e-01
-1.365511715412139893e-01
4.053971543908119202e-02
2.069860231131315231e-03
5.685906484723091125e-02
-2.509822882711887360e-02
2.060751765966415405e-01
-2.346125394105911255e-01
-1.575559228658676147e-01
-1.063064485788345337e-02
-1.967297643423080444e-01
1.288240104913711548e-01
8.833162486553192139e-02
-1.103922128677368164e-01
9.032730758190155029e-02
8.921059221029281616e-02
-1.145957335829734802e-01
6.053860783576965332e-01
3.016478195786476135e-02
-1.367490142583847046e-01
-1.829074323177337646e-02
4.907811433076858521e-02
4.184758290648460388e-02
-6.579528748989105225e-02
-7.210928946733474731e-02
-1.950652003288269043e-01
1.936117857694625854e-01
-3.433554992079734802e-02
2.077188901603221893e-02
-1.316008418798446655e-01
6.821662187576293945e-02
-1.197412312030792236e-01
-8.626382052898406982e-02
1.223509907722473145e-01
1.585903316736221313e-01
2.355683743953704834e-01
-6.725488603115081787e-02
-2.160846590995788574e-01
4.311510324478149414e-01
-1.024529039859771729e-01
1.716182231903076172e-01
3.092508576810359955e-02
-8.585789054632186890e-02
-1.370911896228790283e-01
-1.232742667198181152e-01
7.724095135927200317e-02
7.789289206266403198e-02
2.234431505203247070e-01
1.453434079885482788e-01
