1.202846020460128784e-01
1.382529735565185547e-01
-8.009044080972671509e-02
3.916450217366218567e-02
3.857186809182167053e-02
3.866141662001609802e-02
6.230603903532028198e-02
-4.301357083022594452e-03
-3.674598634243011475e-01
-1.680126995779573917e-03
7.411616295576095581e-02
-1.271603405475616455e-01
-9.002899378538131714e-02
-1.499228528700768948e-03
4.857961088418960571e-02
7.252576947212219238e-02
-9.128602594137191772e-02
-1.593596041202545166e-01
-1.784423291683197021e-01
-1.437676548957824707e-01
1.364196985960006714e-01
2.248688787221908569e-02
-4.958018958568572998e-01
1.270678639411926270e-01
-1.896152496337890625e-01
-2.173912078142166138e-01
1.449425816535949707e-01
4.194789752364158630e-02
4.568056762218475342e-02
-1.047792732715606689e-01
-1.241585090756416321e-01
1.040109246969223022e-01
-1.978746242821216583e-02
3.390065580606460571e-02
2.201016619801521301e-02
1.385869532823562622e-01
-1.604106873273849487e-01
-7.003819197416305542e-02
-5.481077730655670166e-02
-3.125936165452003479e-02
1.046120375394821167e-01
-1.339455228298902512e-02
4.807010293006896973e-03
6.543321162462234497e-02
7.230330258607864380e-02
-2.109856158494949341e-02
-1.745711714029312134e-01
-1.526353061199188232e-01
4.771436378359794617e-02
-1.496399044990539551e-01
6.128839030861854553e-02
1.444593518972396851e-01
5.764313787221908569e-02
1.361071616411209106e-01
-3.574297428131103516e-01
-1.376873906701803207e-02
2.248244546353816986e-02
5.624829605221748352e-02
-6.265952438116073608e-02
-9.074688702821731567e-02
-1.061646500602364540e-03
-9.209693223237991333e-02
-1.403190288692712784e-02
1.313648223876953125e-01
