-1.090410649776458740e-01 -8.382095396518707275e-02 -1.555339992046356201e-01 -2.516417801380157471e-01 -3.950466588139533997e-02 -1.227907240390777588e-01 -2.057620286941528320e-01 9.304675459861755371e-02 7.047554105520248413e-02 3.789760544896125793e-02 1.026611849665641785e-01 1.322578042745590210e-01 3.388463705778121948e-02 3.852355107665061951e-02 2.693990431725978851e-02 -5.666588246822357178e-02
-3.071435540914535522e-02 2.074152603745460510e-02 6.553507596254348755e-02 9.159947931766510010e-02 -1.847965568304061890e-01 -2.237897813320159912e-01 -2.004377692937850952e-01 -1.455193608999252319e-01 6.909129768610000610e-02 7.395046949386596680e-02 9.386146813631057739e-02 1.213134378194808960e-01 2.938984520733356476e-02 -7.709452882409095764e-03 4.256710782647132874e-02 1.502644121646881104e-01
-2.472474239766597748e-02 2.805134467780590057e-02 4.621781408786773682e-02 3.841108828783035278e-02 6.174999475479125977e-02 2.039217650890350342e-01 3.082992732524871826e-01 4.142166376113891602e-01 -1.059564501047134399e-01 -3.438265249133110046e-02 -1.919159403769299388e-04 1.550048682838678360e-02 -1.526073068380355835e-01 -1.723188348114490509e-02 1.268786191940307617e-01 2.675388157367706299e-01
1.999352723360061646e-01 2.029422819614410400e-01 1.432528346776962280e-01 3.975742310285568237e-02 1.276785284280776978e-01 1.022491753101348877e-01 4.897348582744598389e-02 4.698000103235244751e-02 4.762198776006698608e-02 -2.424193080514669418e-03 -5.693219229578971863e-02 -8.137978613376617432e-02 1.285638213157653809e-01 9.064071625471115112e-02 -3.195398300886154175e-02 -1.785710155963897705e-01
1.012083515524864197e-01 1.810755282640457153e-01 2.353670150041580200e-01 2.687191963195800781e-01 -5.222490429878234863e-02 5.534774158149957657e-03 2.971502952277660370e-02 -2.850876562297344208e-02 7.630547136068344116e-02 -2.190019236877560616e-03 -3.293872624635696411e-02 -3.593974187970161438e-02 1.312075853347778320e-01 1.192814037203788757e-01 1.956155002117156982e-01 3.374562263488769531e-01
3.698073625564575195e-01 2.507480382919311523e-01 2.170616835355758667e-01 1.487908959388732910e-01 2.280038446187973022e-01 9.182713925838470459e-03 1.135843060910701752e-02 -7.524390518665313721e-02 -1.722933799028396606e-01 -6.976972520351409912e-02 5.358335003256797791e-02 1.519065797328948975e-01 -1.009203493595123291e-01 -8.596753329038619995e-02 4.352729022502899170e-02 1.072889193892478943e-01
9.236130118370056152e-02 3.280478715896606445e-02 -2.284953556954860687e-02 -8.753497898578643799e-02 4.924487322568893433e-02 8.050367236137390137e-02 1.492594778537750244e-01 2.407797425985336304e-01 -3.251193836331367493e-02 -4.696894437074661255e-02 -6.679459661245346069e-02 -1.155610010027885437e-01 -3.703983500599861145e-03 -4.406163841485977173e-02 -1.444415748119354248e-01 -3.836889266967773438e-01
1.105099245905876160e-01 1.044022291898727417e-01 6.852453202009201050e-02 1.005040779709815979e-01 -9.347962588071823120e-02 4.574332013726234436e-02 6.827785819768905640e-02 1.418716311454772949e-01 -4.330137372016906738e-02 -8.308843523263931274e-02 -4.786132276058197021e-02 -1.383530795574188232e-01 -1.489737182855606079e-01 -1.338969022035598755e-01 -9.350290894508361816e-02 -2.197846025228500366e-01
2.391257882118225098e-01 3.072017431259155273e-01 3.333299160003662109e-01 2.812659442424774170e-01 4.236455261707305908e-01 2.285206168889999390e-01 -5.750185847282409668e-01 -6.482799649238586426e-01 -8.254876732826232910e-02 -1.555249653756618500e-02 5.336522310972213745e-02 1.303877383470535278e-01 2.018244564533233643e-02 2.448909580707550049e-01 2.022725194692611694e-01 -2.941650450229644775e-01
1.303010038100183010e-03 -5.960288643836975098e-02 -5.940594151616096497e-02 -5.206875875592231750e-02 5.351965874433517456e-02 -3.509091585874557495e-02 -4.034326225519180298e-02 -5.909891054034233093e-02 -2.401078045368194580e-01 -1.241518035531044006e-01 -7.944161444902420044e-02 -4.463949427008628845e-02 -3.327653110027313232e-01 -2.898136079311370850e-01 -2.794865965843200684e-01 -2.538673877716064453e-01
-8.937052637338638306e-02 -1.169416978955268860e-01 -1.494398564100265503e-01 -1.258629858493804932e-01 1.204445287585258484e-01 2.232381999492645264e-01 1.588890105485916138e-01 1.118427738547325134e-01 1.089420020580291748e-01 2.037883736193180084e-03 -2.950423397123813629e-02 -3.626428777351975441e-03 1.867169290781021118e-01 1.583809256553649902e-01 9.350715577602386475e-02 7.635904103517532349e-02
-8.178554475307464600e-02 -1.229534000158309937e-01 -1.252763569355010986e-01 -1.111993715167045593e-01 -2.626200914382934570e-01 -2.940023243427276611e-01 -1.768683195114135742e-01 -1.390355173498392105e-02 1.652888953685760498e-01 7.809673994779586792e-02 2.620085515081882477e-02 -9.302129037678241730e-03 1.795484721660614014e-01 -4.618610814213752747e-02 -2.935720980167388916e-01 -5.493309497833251953e-01
1.678265631198883057e-01 1.229677349328994751e-01 1.132286265492439270e-01 1.144926771521568298e-01 3.123489022254943848e-01 2.585911452770233154e-01 3.871600329875946045e-01 7.034111618995666504e-01 -2.698500752449035645e-01 -9.584467858076095581e-02 -5.285917222499847412e-02 -2.086987346410751343e-02 -2.896487712860107422e-01 -1.194725111126899719e-01 -1.046710759401321411e-01 -6.315825879573822021e-02
-2.214726656675338745e-01 -1.521606296300888062e-01 -1.226399093866348267e-01 -7.666588574647903442e-02 -3.037410080432891846e-01 -1.222301796078681946e-01 -4.618094116449356079e-02 -1.643796823918819427e-02 2.938520610332489014e-01 2.398566603660583496e-01 1.875309497117996216e-01 1.400612890720367432e-01 2.965275943279266357e-01 2.492882013320922852e-01 1.869289726018905640e-01 1.738857775926589966e-01
-2.118961662054061890e-01 -1.610764563083648682e-01 -1.040770709514617920e-01 -5.208779498934745789e-02 -6.528963148593902588e-02 -1.281641572713851929e-01 -9.180261939764022827e-02 -1.746031641960144043e-02 3.444083780050277710e-02 8.183473348617553711e-02 1.054490059614181519e-01 1.085098385810852051e-01 -2.569402940571308136e-02 1.010566763579845428e-02 8.362798392772674561e-02 2.042901217937469482e-01
-8.455108851194381714e-02 -3.583177924156188965e-02 3.724537044763565063e-02 1.528649479150772095e-01 -7.030799053609371185e-03 -6.149345543235540390e-03 5.452861636877059937e-02 2.320431470870971680e-01 2.314236015081405640e-02 2.894312515854835510e-02 6.629975140094757080e-02 1.532381772994995117e-01 -4.229686746839433908e-04 3.931406419724225998e-03 1.077816188335418701e-01 4.231778383255004883e-01
-5.173778161406517029e-02 1.489717327058315277e-02 8.404050022363662720e-02 6.893434375524520874e-02 -4.244941100478172302e-02 7.693886011838912964e-02 -3.587737679481506348e-02 9.037853777408599854e-02 1.071906611323356628e-01 3.191657736897468567e-02 1.205977797508239746e-02 -1.036988571286201477e-01 5.273617804050445557e-02 -2.862947806715965271e-02 -1.035932302474975586e-01 -7.233894430100917816e-03
-4.116275906562805176e-01 -1.956548392772674561e-01 -9.807458519935607910e-02 -1.290110647678375244e-01 -7.662602066993713379e-01 -2.917681336402893066e-01 -1.757010668516159058e-01 -9.186763316392898560e-02 4.816425144672393799e-01 1.351407021284103394e-01 1.128807291388511658e-01 1.596522778272628784e-01 4.963596463203430176e-01 1.572887785732746124e-02 -1.087807863950729370e-01 -6.033664345741271973e-01
1.624895483255386353e-01 8.874099701642990112e-03 -1.140371263027191162e-01 -1.670508533716201782e-01 7.261202335357666016e-01 5.411583185195922852e-01 2.495798170566558838e-01 -2.646538019180297852e-01 -2.284537106752395630e-01 -1.401107385754585266e-02 -5.664907861500978470e-03 -4.413196071982383728e-02 -2.440730333328247070e-01 1.405391991138458252e-01 2.245534360408782959e-01 2.741029858589172363e-01
2.088273689150810242e-02 3.759242966771125793e-02 2.394284121692180634e-02 1.923976093530654907e-02 1.733300387859344482e-01 3.451710343360900879e-01 4.285706877708435059e-01 5.335127711296081543e-01 -7.756064087152481079e-02 -6.007431540638208389e-03 2.816312713548541069e-03 -2.184176258742809296e-02 -1.085236519575119019e-01 7.915996015071868896e-02 2.404892593622207642e-01 4.116226434707641602e-01
1.737999022006988525e-01 2.799893356859683990e-02 -9.806653484702110291e-03 3.340283781290054321e-02 1.178906410932540894e-01 -2.439074218273162842e-02 -9.580266475677490234e-02 4.789660498499870300e-02 -1.036927998065948486e-01 -7.744392007589340210e-02 -1.054277420043945312e-01 -9.793473780155181885e-02 -4.918877780437469482e-02 9.143523871898651123e-03 7.213835138827562332e-03 2.306962758302688599e-01
-6.026973947882652283e-02 -1.325895823538303375e-02 4.370629042387008667e-02 1.393879950046539307e-01 -9.391310065984725952e-02 -1.446752399206161499e-01 -2.193543314933776855e-01 -3.182203769683837891e-01 2.159022167325019836e-02 1.450937688350677490e-01 1.785363852977752686e-01 1.974512040615081787e-01 -4.332831501960754395e-02 9.208766371011734009e-02 8.266237378120422363e-02 7.899209111928939819e-02
-4.560081362724304199e-01 -4.359566867351531982e-01 -2.738942503929138184e-01 -4.945542290806770325e-02 -6.145420074462890625e-01 -1.328017376363277435e-02 2.020935565233230591e-01 1.913319379091262817e-01 2.756426036357879639e-01 7.982351630926132202e-02 -7.114424556493759155e-02 -2.312358617782592773e-01 1.232526004314422607e-01 -4.369069337844848633e-01 -5.466463565826416016e-01 1.975269913673400879e-01
-5.458167195320129395e-02 -2.597736418247222900e-01 -2.922894060611724854e-01 -3.105450868606567383e-01 -1.454928051680326462e-02 -1.184626445174217224e-01 6.462831050157546997e-02 4.261868447065353394e-02 2.986749866977334023e-03 7.905584573745727539e-02 5.813962221145629883e-02 -1.260955780744552612e-01 2.583928592503070831e-02 -4.692830890417098999e-02 1.640318892896175385e-02 -2.671556174755096436e-02
-2.855698466300964355e-01 -2.282214164733886719e-01 -1.789422631263732910e-01 -1.267180889844894409e-01 -2.674859166145324707e-01 -1.072655394673347473e-01 -5.661069229245185852e-02 -5.417272448539733887e-02 4.116606712341308594e-01 2.716455757617950439e-01 2.032929211854934692e-01 1.665940582752227783e-01 4.269665777683258057e-01 2.641562223434448242e-01 1.704990714788436890e-01 5.367255955934524536e-02
9.747608751058578491e-02 1.210933253169059753e-01 9.904366731643676758e-02 5.942905321717262268e-02 4.134500920772552490e-01 4.772323668003082275e-01 4.600197374820709229e-01 3.630363047122955322e-01 -1.141272559762001038e-01 6.997948046773672104e-03 3.985121473670005798e-02 3.628113865852355957e-02 -1.037232577800750732e-01 1.820237040519714355e-01 2.675504684448242188e-01 3.367080390453338623e-01
-8.868345990777015686e-03 1.271379180252552032e-02 2.874482236802577972e-02 2.129782363772392273e-02 -1.382833570241928101e-01 -7.671132683753967285e-02 1.047724392265081406e-02 8.750814944505691528e-02 1.231267005205154419e-01 9.696970134973526001e-02 7.444700598716735840e-02 6.149981915950775146e-02 1.583928912878036499e-01 1.684747934341430664e-01 2.272081077098846436e-01 3.706299960613250732e-01
1.044142022728919983e-01 -1.080223694443702698e-01 3.115529380738735199e-02 -1.071368753910064697e-01 -1.676353812217712402e-02 5.533578991889953613e-02 1.094966009259223938e-02 1.593845896422863007e-02 6.101360917091369629e-02 3.853337466716766357e-02 -2.991341426968574524e-02 9.876916557550430298e-02 1.187598705291748047e-02 -8.380649238824844360e-02 -3.621187433600425720e-02 3.950740769505500793e-02
-2.106232941150665283e-01 -2.120672464370727539e-01 -2.203042805194854736e-01 -2.505390942096710205e-01 6.990473717451095581e-02 -7.361502945423126221e-02 -1.522361338138580322e-01 -3.714238479733467102e-02 -5.304431915283203125e-02 -1.032818388193845749e-02 4.836911708116531372e-02 1.448877304792404175e-01 -7.909882813692092896e-02 -1.748039759695529938e-02 2.691167779266834259e-02 8.579937368631362915e-02
-1.718888580799102783e-01 -8.455519378185272217e-02 -6.114310771226882935e-02 -4.041667282581329346e-02 -1.884585171937942505e-01 -1.173968240618705750e-01 -1.406621485948562622e-01 -1.548485606908798218e-01 -3.083099126815795898e-01 4.461426287889480591e-03 4.137830063700675964e-02 5.935909226536750793e-02 -4.886656701564788818e-01 -6.510641425848007202e-02 -4.121826961636543274e-02 -1.375832706689834595e-01
1.725456118583679199e-01 2.320649921894073486e-01 2.807358801364898682e-01 3.011766672134399414e-01 9.826733171939849854e-02 2.046686112880706787e-01 -1.435437239706516266e-02 -1.221914052963256836e+00 -4.022286832332611084e-02 -7.639594376087188721e-02 -3.704472258687019348e-02 4.027413949370384216e-02 3.089694306254386902e-02 7.150238007307052612e-02 2.232856452465057373e-01 9.751852601766586304e-02
3.531814366579055786e-02 -3.847950696945190430e-02 -4.680560156702995300e-02 -3.145455569028854370e-02 1.754719465970993042e-01 5.188292264938354492e-02 1.838508644141256809e-03 -4.971252754330635071e-03 -1.828721761703491211e-01 -1.848434805870056152e-01 -1.201503723859786987e-01 -4.708098992705345154e-02 -2.205427438020706177e-01 -3.420754671096801758e-01 -3.185755908489227295e-01 -2.300444692373275757e-01
-4.272303730249404907e-02 -4.509730637073516846e-02 -2.303762175142765045e-02 -1.385611854493618011e-02 -1.425082795321941376e-02 -5.738478899002075195e-02 1.261995136737823486e-01 -8.063922077417373657e-02 1.969818986253812909e-04 -5.086835473775863647e-02 1.037618964910507202e-01 6.337905675172805786e-02 5.457320064306259155e-02 2.535039931535720825e-02 -1.149655655026435852e-01 -1.397907920181751251e-02
9.704326279461383820e-03 -4.825370386242866516e-02 -1.302447617053985596e-01 -1.997391432523727417e-01 -3.377768695354461670e-01 -5.270925164222717285e-02 4.884106665849685669e-02 1.080921515822410583e-01 1.057467982172966003e-02 2.737729996442794800e-02 -4.456298798322677612e-02 3.334393724799156189e-02 5.157122761011123657e-02 7.063633203506469727e-02 -1.384394019842147827e-01 -2.194523662328720093e-01
-1.032345816493034363e-01 -6.882900744676589966e-02 3.537862747907638550e-02 6.310246139764785767e-02 9.244220703840255737e-02 -6.163209676742553711e-02 -5.436976253986358643e-02 4.628663882613182068e-02 -7.055851072072982788e-02 -3.588899224996566772e-02 9.552453458309173584e-02 1.047268882393836975e-01 -1.120815277099609375e-01 1.154075562953948975e-01 -9.226153790950775146e-02 2.128927409648895264e-02
1.257043629884719849e-01 1.645751856267452240e-02 2.441495656967163086e-02 1.229141373187303543e-02 1.807212680578231812e-01 -2.086413465440273285e-02 2.975477464497089386e-02 2.460552155971527100e-01 -6.873136013746261597e-02 -6.972038745880126953e-02 -1.055632904171943665e-01 -1.008676290512084961e-01 7.497957348823547363e-02 -3.327762708067893982e-02 -1.615205407142639160e-01 -2.648732066154479980e-01
1.659910827875137329e-01 2.635518610477447510e-01 3.320870995521545410e-01 3.824658989906311035e-01 5.952756479382514954e-02 7.080341130495071411e-02 1.369459331035614014e-01 1.278376132249832153e-01 -2.794090099632740021e-02 -8.680945634841918945e-02 -1.258021872490644455e-02 1.332336068153381348e-01 6.548897176980972290e-02 6.586779654026031494e-02 1.659363508224487305e-01 2.849954664707183838e-01
4.565144423395395279e-03 5.013829097151756287e-02 9.725011885166168213e-02 1.340196579694747925e-01 -1.989113092422485352e-01 -2.272330969572067261e-01 -1.089128330349922180e-01 3.865385800600051880e-02 3.308087959885597229e-02 1.152551174163818359e-01 1.307386904954910278e-01 1.051168367266654968e-01 -2.437005750834941864e-03 1.104529872536659241e-01 2.237035483121871948e-01 3.864166736602783203e-01
2.017218023538589478e-01 1.335099190473556519e-01 1.115187257528305054e-01 8.701980859041213989e-02 3.338012099266052246e-01 2.408430874347686768e-01 1.772311925888061523e-01 2.048960775136947632e-01 -3.099015653133392334e-01 -1.759229451417922974e-01 -1.109526157379150391e-01 -7.844603061676025391e-02 -3.438251912593841553e-01 -2.003981620073318481e-01 -9.898869693279266357e-02 -1.779468916356563568e-02
1.255437284708023071e-01 -4.229322541505098343e-03 -1.357536669820547104e-02 9.110836684703826904e-02 -5.342101678252220154e-02 -7.771057635545730591e-02 -1.255949884653091431e-01 -1.422856748104095459e-01 1.143304258584976196e-01 1.077658683061599731e-01 1.180412322282791138e-01 1.694194376468658447e-01 1.254112422466278076e-01 -3.279419988393783569e-02 -1.926415264606475830e-01 -2.078097015619277954e-01
1.235786303877830505e-01 6.161710619926452637e-02 -1.268572639673948288e-02 -8.955732733011245728e-02 5.533007904887199402e-02 1.880813390016555786e-01 1.867653429508209229e-01 -7.798159867525100708e-02 -6.291718780994415283e-02 -8.972940593957901001e-02 -6.414795666933059692e-02 -2.024234831333160400e-02 -4.853250086307525635e-02 -9.153711795806884766e-02 -1.064459756016731262e-01 -1.358513236045837402e-01
2.160345166921615601e-01 2.365453988313674927e-01 2.131213694810867310e-01 1.977386772632598877e-01 4.840612784028053284e-02 -3.434455022215843201e-02 -1.380251348018646240e-01 -2.643101811408996582e-01 2.244041860103607178e-01 3.320374712347984314e-02 5.546827334910631180e-03 -7.289319764822721481e-04 4.014175832271575928e-01 3.277895450592041016e-01 5.089402198791503906e-01 9.399634003639221191e-01
-2.326837480068206787e-01 -1.918561905622482300e-01 -1.496821641921997070e-01 -8.756136894226074219e-02 -3.838660567998886108e-02 1.349779590964317322e-02 1.107112988829612732e-01 2.490936070680618286e-01 -3.305927291512489319e-02 -4.902608692646026611e-03 1.247666031122207642e-02 2.038564346730709076e-02 -1.298313289880752563e-01 -1.706696748733520508e-01 -1.847831904888153076e-01 -1.460191607475280762e-01
1.625292748212814331e-02 -8.700849115848541260e-02 -1.172599196434020996e-01 -1.080846562981605530e-01 3.206947743892669678e-01 2.442118674516677856e-01 1.000635176897048950e-01 -1.046089529991149902e-01 -6.675014644861221313e-02 -1.499439924955368042e-01 -1.054564788937568665e-01 6.150349602103233337e-02 -2.622845210134983063e-02 -2.270925194025039673e-01 -2.621462643146514893e-01 -1.052302718162536621e-01
3.147528320550918579e-02 -1.178013533353805542e-02 -6.139384582638740540e-02 -9.431123733520507812e-02 6.287656724452972412e-02 6.984056532382965088e-02 8.410023152828216553e-02 1.744961589574813843e-01 -4.032148420810699463e-02 -4.696553200483322144e-02 -6.586483120918273926e-02 -1.430215090513229370e-01 -7.418619096279144287e-02 -1.358699798583984375e-01 -2.467243224382400513e-01 -4.494586288928985596e-01
1.147906258702278137e-01 1.447916179895401001e-01 1.922102421522140503e-01 2.450463622808456421e-01 -4.955297335982322693e-04 3.745024651288986206e-02 1.243075430393218994e-01 2.396747618913650513e-01 8.532360941171646118e-02 4.831266030669212341e-02 5.386990308761596680e-02 1.034306883811950684e-01 1.608010083436965942e-01 1.928882896900177002e-01 3.271989524364471436e-01 5.755600929260253906e-01
1.523503363132476807e-01 7.384566962718963623e-02 8.803419768810272217e-02 1.044393181800842285e-01 1.197974532842636108e-01 -6.637266278266906738e-02 -9.112614393234252930e-02 -9.978400170803070068e-02 3.649582266807556152e-01 -1.113812401890754700e-01 -1.731852293014526367e-01 -1.811023950576782227e-01 5.764436125755310059e-01 -8.163766562938690186e-02 -1.743471175432205200e-01 -1.116928756237030029e-01
-5.630841851234436035e-02 -2.722261548042297363e-01 -3.297632932662963867e-01 -2.295296639204025269e-01 1.864497214555740356e-01 9.371276199817657471e-02 1.655185967683792114e-01 3.255002200603485107e-01 -1.329791545867919922e-01 -6.487256847321987152e-03 -3.878573328256607056e-02 -2.309548556804656982e-01 -2.226430922746658325e-01 -2.400819063186645508e-01 -4.420546293258666992e-01 -6.716179251670837402e-01
-9.422190487384796143e-02 -2.867171168327331543e-02 4.329063370823860168e-02 1.050998046994209290e-01 1.172969955950975418e-02 7.038676738739013672e-02 -4.402674268931150436e-03 -4.481990337371826172e-01 1.227619708515703678e-03 1.778646744787693024e-02 4.229297116398811340e-02 1.104956269264221191e-01 -2.286509238183498383e-02 3.339574858546257019e-02 1.699194610118865967e-01 2.775351703166961670e-01
-8.093912899494171143e-02 -1.249054167419672012e-02 2.342836558818817139e-02 3.649184480309486389e-02 -1.330001838505268097e-02 4.503086581826210022e-02 1.104162335395812988e-01 1.645523309707641602e-01 -1.831858754158020020e-01 -9.442933648824691772e-02 -3.340600803494453430e-02 -2.225141070084646344e-04 -2.764005064964294434e-01 -1.346725076436996460e-01 6.139952689409255981e-02 3.038890659809112549e-01
2.294205427169799805e-01 1.528427451848983765e-01 7.921928912401199341e-02 2.692520245909690857e-02 3.372717499732971191e-01 3.007180392742156982e-01 2.697742581367492676e-01 2.950158715248107910e-01 2.149326354265213013e-01 -1.187487941933795810e-04 -6.466870661824941635e-03 5.187606802792288363e-05 3.989251255989074707e-01 1.609925180673599243e-01 1.120887398719787598e-01 1.032844632863998413e-01
-3.750303015112876892e-02 -2.962920814752578735e-02 4.889914020895957947e-02 1.934033036231994629e-01 7.693618535995483398e-02 8.383760601282119751e-02 9.096819907426834106e-02 5.016060918569564819e-02 -3.986613079905509949e-02 -4.778972640633583069e-02 -1.293842643499374390e-01 -2.739784121513366699e-01 -4.070134088397026062e-02 3.686759388074278831e-03 1.666815765202045441e-02 -3.257065638899803162e-02
3.459825739264488220e-02 7.415521889925003052e-02 6.993407011032104492e-02 5.457368865609169006e-02 -6.693094503134489059e-03 6.883402168750762939e-02 7.973413914442062378e-02 5.773400142788887024e-02 1.878594458103179932e-01 1.337017118930816650e-01 9.702937304973602295e-02 6.276179105043411255e-02 2.650703191757202148e-01 2.795205712318420410e-01 2.540425360202789307e-01 1.901997476816177368e-01
-9.352716803550720215e-02 1.075316965579986572e-01 1.795301586389541626e-01 1.730171293020248413e-01 -3.746256232261657715e-02 4.898490384221076965e-02 7.438623160123825073e-02 7.896628230810165405e-02 1.218855306506156921e-01 -8.541211485862731934e-02 -1.375571638345718384e-01 -1.826471537351608276e-01 1.265810728073120117e-01 -2.920749969780445099e-02 -1.364655233919620514e-02 2.248457260429859161e-02
-1.276404112577438354e-01 -1.786758154630661011e-01 -1.533501297235488892e-01 -7.257595658302307129e-02 -3.804930150508880615e-01 -1.792510896921157837e-01 3.576923534274101257e-02 1.326512396335601807e-01 1.712400764226913452e-01 5.400140956044197083e-02 -1.783916912972927094e-02 -9.776265919208526611e-02 1.489554792642593384e-01 -2.132533192634582520e-01 -4.716464579105377197e-01 -4.942653775215148926e-01
3.431525081396102905e-02 1.106616482138633728e-01 -3.296721354126930237e-02 1.104970201849937439e-01 5.038940533995628357e-02 1.108571738004684448e-01 -1.172331050038337708e-01 -9.756931662559509277e-02 -4.710947722196578979e-02 4.034523293375968933e-02 -2.308006212115287781e-02 1.194805465638637543e-02 -7.392799109220504761e-02 -6.414927542209625244e-02 -4.901074245572090149e-02 9.539958834648132324e-02
1.342836469411849976e-01 2.017600834369659424e-01 2.362450659275054932e-01 2.742925882339477539e-01 -1.017945855855941772e-01 3.028945252299308777e-02 8.267356455326080322e-02 1.240174993872642517e-01 -5.347753688693046570e-02 2.987746521830558777e-02 -5.473595112562179565e-03 -4.795860126614570618e-02 -6.147649884223937988e-02 1.190755739808082581e-01 1.446365267038345337e-01 2.187898010015487671e-02
-2.869035303592681885e-01 -1.245240643620491028e-01 -9.083586186170578003e-02 -1.555201113224029541e-01 -1.802961230278015137e-01 -1.097319945693016052e-01 -1.371864676475524902e-01 -2.542588710784912109e-01 -2.822714298963546753e-02 4.235124960541725159e-02 5.347003415226936340e-02 3.117770887911319733e-02 -1.657594293355941772e-01 -3.700096858665347099e-03 5.017345771193504333e-02 -1.518042832612991333e-01
1.730678826570510864e-01 1.890293806791305542e-01 1.355592161417007446e-01 7.092899084091186523e-02 -7.749416679143905640e-02 1.294126063585281372e-01 2.071810662746429443e-01 2.738450467586517334e-01 1.440602838993072510e-01 7.619018852710723877e-02 -2.221185527741909027e-02 -1.233196482062339783e-01 2.516151368618011475e-01 3.149593174457550049e-01 2.447228729724884033e-01 8.456519246101379395e-02
-3.209454715251922607e-01 -2.607620060443878174e-01 -1.836693733930587769e-01 -8.950854837894439697e-02 2.926830016076564789e-02 6.906328350305557251e-02 9.791076183319091797e-02 1.275742501020431519e-01 -9.860500693321228027e-02 -5.561263859272003174e-02 -4.741013422608375549e-02 -6.867853552103042603e-02 -2.197560071945190430e-01 -2.192358970642089844e-01 -2.254852503538131714e-01 -3.178171813488006592e-01
1.650017052888870239e-01 1.137833520770072937e-01 7.382244616746902466e-02 5.251102894544601440e-02 1.843603849411010742e-01 1.565029174089431763e-01 1.048541143536567688e-01 6.261806190013885498e-02 3.411550521850585938e-01 1.065179333090782166e-01 5.654638260602951050e-02 3.004062920808792114e-02 5.327099561691284180e-01 2.818824946880340576e-01 2.008094489574432373e-01 1.466251164674758911e-01
9.886778891086578369e-02 3.301662951707839966e-02 -1.000266969203948975e-01 2.532128617167472839e-02 -3.621242195367813110e-02 -3.282428160309791565e-02 9.013930708169937134e-02 1.957533508539199829e-02 1.268802490085363388e-02 -6.033590063452720642e-02 7.361458986997604370e-02 -1.053454950451850891e-01 6.473326683044433594e-02 1.480934582650661469e-02 8.538188785314559937e-02 -6.786532234400510788e-03
6.411550100892782211e-03 -5.927276983857154846e-02 -1.046048626303672791e-01 -1.330282539129257202e-01 -9.476496279239654541e-02 -2.112070620059967041e-01 -2.760214209556579590e-01 -2.788298428058624268e-01 1.464842408895492554e-01 1.258749812841415405e-01 7.717508822679519653e-02 2.630181051790714264e-02 1.947498321533203125e-01 1.274061352014541626e-01 -1.074329167604446411e-01 -5.460053682327270508e-01
-9.964289516210556030e-02 5.045951157808303833e-02 1.404424309730529785e-01 2.373986840248107910e-01 -2.359145693480968475e-02 3.258730098605155945e-02 1.037025637924671173e-02 -5.879165232181549072e-02 -8.483204245567321777e-02 -9.470511972904205322e-02 -1.637158542871475220e-01 -1.616476327180862427e-01 -1.090024188160896301e-01 -6.896588206291198730e-02 -9.936693310737609863e-02 1.542219817638397217e-01
